  -0.029    0.366   -0.930    0.879   -0.433   -0.198   -0.476   -0.824   -0.309    6.953   90.875   40.581      1
  -0.845    0.244    0.476    0.525    0.214    0.824    0.099    0.946   -0.309   -0.057   94.380    8.335      2
  -0.145   -0.838   -0.525    0.720   -0.454    0.525   -0.679   -0.302    0.669    9.757   97.885   34.272      3
   0.826    0.423   -0.372   -0.558    0.524   -0.644   -0.078    0.739    0.669    4.850   97.184   32.870      4
   0.302    0.930    0.208    0.951   -0.309    0.000    0.064    0.198   -0.978  -31.602   50.217   43.385      5
  -0.316    0.273   -0.909   -0.503    0.764    0.405    0.805    0.585   -0.105   25.880   29.187   47.591      6
  -0.609    0.618   -0.497    0.432   -0.267   -0.861   -0.665   -0.739   -0.105    0.644   54.423   60.910      7
   0.367   -0.523   -0.769    0.009    0.829   -0.559    0.930    0.198    0.309   32.890   20.074   37.076      8
  -0.540    0.551   -0.636    0.694   -0.136   -0.707   -0.476   -0.824   -0.309   29.385   80.360   30.066      9
   0.113   -0.910   -0.398    0.993    0.087    0.085   -0.043   -0.405    0.914  -11.273   83.164   -1.479     10
  -0.646   -0.259   -0.718    0.173   -0.966    0.192   -0.743    0.000    0.669   -1.459   35.496   53.199     11
  -0.875    0.385   -0.294    0.385    0.184   -0.905   -0.294   -0.905   -0.309   17.468   90.174   26.561     12
  -0.763   -0.336    0.552    0.513   -0.834    0.201    0.393    0.437    0.809   -3.562   99.988   14.644     13
   0.867   -0.215    0.450    0.403    0.833   -0.378   -0.294    0.509    0.809   -7.067   31.290   38.478     14
   0.896    0.352    0.272   -0.427    0.852    0.302   -0.126   -0.387    0.914   27.282   81.762   10.438     15
   0.995    0.052   -0.091    0.052    0.505    0.861    0.091   -0.861    0.500   13.963   88.772   32.870     16
   0.362    0.493    0.791   -0.389    0.851   -0.352   -0.847   -0.180    0.500   -4.263  101.390   30.767     17
   0.986    0.136   -0.099   -0.136    0.295   -0.946   -0.099    0.946    0.309  -23.891   58.629    3.428     18
   0.357   -0.497    0.791    0.930    0.107   -0.352    0.091    0.861    0.500   47.611   60.031   36.375     19
   0.555    0.622   -0.552    0.635   -0.746   -0.201   -0.537   -0.239   -0.809   42.704   24.280   32.870     20
   0.443    0.854    0.272   -0.803    0.513   -0.302   -0.398   -0.085    0.914   33.591   24.981    1.325     21
  -0.962    0.258    0.091    0.054    0.505   -0.861   -0.268   -0.824   -0.500   20.973   77.556   48.292     22
  -0.901    0.030    0.433    0.342   -0.566    0.750    0.268    0.824    0.500    8.355   90.875   33.571     23
   0.791    0.168   -0.588   -0.208    0.978   -0.000    0.575    0.122    0.809  -26.695   44.609   25.159     24
  -0.178    0.148    0.973   -0.378    0.902   -0.207   -0.909   -0.405   -0.105   11.159   91.576   44.086     25
  -0.826   -0.423   -0.372   -0.558    0.524    0.644   -0.078    0.739   -0.669   39.199   58.629    8.335     26
  -0.367   -0.009    0.930    0.523   -0.829    0.198    0.769    0.559    0.309   16.767   80.360   -2.881     27
  -0.039   -0.593    0.805    0.228    0.779    0.585   -0.973    0.207    0.105  -30.200   55.124   17.448     28
  -0.223   -0.712   -0.665    0.063    0.671   -0.739    0.973   -0.207   -0.105   29.385   80.360   16.747     29
   0.826    0.423   -0.372   -0.558    0.524   -0.644   -0.078    0.739    0.669    4.850   96.483   33.571     30
   0.581    0.689    0.433    0.192   -0.633    0.750    0.791   -0.352   -0.500  -18.283   48.815   50.395     31
  -0.250   -0.433    0.866    0.866   -0.500    0.000    0.433    0.750    0.500   23.076   18.672   37.076     32
  -0.211    0.448    0.869    0.854   -0.348    0.387    0.476    0.824   -0.309   -9.170  101.390   18.850     33
  -0.370    0.909    0.192   -0.578   -0.388    0.718    0.727    0.155    0.669    4.850   94.380   39.179     34
   0.610    0.593   -0.525    0.316   -0.790   -0.525   -0.727    0.155   -0.669   20.272   43.908   -8.489     35
  -0.238    0.279    0.930   -0.966   -0.166   -0.198    0.099   -0.946    0.309   11.860   78.257   48.993     36
   0.949    0.240   -0.203   -0.158    0.923    0.352    0.272   -0.302    0.914   -0.758   97.885   27.963     37
   0.845    0.525   -0.099   -0.244    0.214   -0.946   -0.476    0.824    0.309  -35.107   62.835   26.561     38
   0.016    0.765    0.644    0.867   -0.331    0.372    0.497    0.552   -0.669   37.797   23.579   37.076     39
  -0.849   -0.056   -0.525   -0.376    0.763    0.525    0.372    0.644   -0.669   26.581   52.320   -2.180     40
   0.609   -0.061   -0.791    0.372   -0.859    0.352   -0.701   -0.509   -0.500   10.458   94.380   39.880     41
  -0.448   -0.497    0.743   -0.743    0.669    0.000   -0.497   -0.552   -0.669   44.106   46.011   44.086     42
  -0.722   -0.627   -0.294    0.437   -0.742    0.509   -0.537    0.239    0.809   25.880   20.775   42.684     43
   0.867   -0.488    0.104    0.039   -0.142   -0.989    0.497    0.861   -0.105   19.571   21.476   30.066     44
   0.531   -0.009    0.847    0.303    0.936   -0.180   -0.791    0.352    0.500   12.561   25.682   37.777     45
  -0.992   -0.025    0.126    0.025    0.922    0.387   -0.126    0.387   -0.914  -18.984   43.908   46.890     46
   0.526   -0.668    0.525   -0.819   -0.231    0.525   -0.230   -0.707   -0.669  -21.087   47.413   46.890     47
  -0.300   -0.394    0.869    0.908    0.163    0.387   -0.294    0.905    0.309   20.973   87.370   27.262     48
  -0.317   -0.873    0.372    0.947   -0.274    0.165   -0.043    0.405    0.914    2.046   20.074   21.654     49
   0.894    0.398   -0.208   -0.407    0.914   -0.000    0.190    0.085    0.978   -6.366   98.586   13.242     50
  -0.371   -0.589   -0.718   -0.708    0.680   -0.192    0.601    0.437   -0.669   29.385   52.320   -3.582     51
  -0.866   -0.500    0.000   -0.335    0.579   -0.743    0.372   -0.644   -0.669   16.066   90.174   30.767     52
   0.032    0.099   -0.995   -0.951    0.309   -0.000    0.307    0.946    0.105    5.551   58.629   60.209     53
  -0.949    0.240   -0.203    0.158    0.923    0.352    0.272    0.302   -0.914  -17.582   45.310   49.694     54
   0.207    0.636    0.743   -0.951    0.309    0.000   -0.230   -0.707    0.669   45.508   30.589   32.870     55
   0.676   -0.487   -0.552   -0.675   -0.709   -0.201   -0.294    0.509   -0.809   44.807   66.340   37.777     56
   0.367   -0.523   -0.769    0.009    0.829   -0.559    0.930    0.198    0.309   32.890   20.074   37.777     57
   0.533   -0.262    0.805   -0.788    0.192    0.585   -0.307   -0.946   -0.105   -1.459   97.885   29.365     58
   0.435   -0.305    0.847    0.305    0.935    0.180   -0.847    0.180    0.500  -33.004   53.021   27.262     59
  -0.178   -0.148   -0.973    0.378    0.902   -0.207    0.909   -0.405   -0.105   42.704   50.918   46.890     60
  -0.645   -0.754    0.126    0.668   -0.636   -0.387    0.372   -0.165    0.914   -3.562   69.144   -8.489     61
  -0.739    0.588   -0.329   -0.537   -0.809   -0.239   -0.407    0.000    0.914   -5.665   69.845   -9.190     62
   0.078   -0.410   -0.909   -0.410    0.817   -0.405    0.909    0.405   -0.105  -27.396   54.423   51.096     63
   0.634   -0.077   -0.769   -0.610    0.562   -0.559    0.476    0.824    0.309    6.953   63.536   60.209     64
  -0.370    0.909    0.192   -0.578   -0.388    0.718    0.727    0.155    0.669   -8.469   39.702    9.737     65
   0.636    0.713    0.294   -0.056    0.423   -0.905   -0.769    0.559    0.309  -12.675   92.978   15.345     66
   0.603   -0.548    0.579   -0.751   -0.147    0.644   -0.268   -0.824   -0.500  -21.788   45.310   44.086     67
  -0.826   -0.555   -0.102   -0.404    0.708   -0.579    0.393   -0.437   -0.809    7.654   64.938   59.508     68
  -0.625    0.307    0.718   -0.602   -0.775   -0.192    0.497   -0.552    0.669   -5.665   60.031   62.312     69
  -0.770   -0.519    0.372    0.605   -0.779    0.165    0.203    0.352    0.914  -21.087   44.609   50.395     70
   0.951   -0.309   -0.000   -0.207   -0.636    0.743   -0.230   -0.707   -0.669   36.395   35.496   44.787     71
   0.810    0.577   -0.104   -0.586    0.790   -0.180   -0.022    0.207    0.978   18.169   50.918   -6.386     72
   0.877   -0.063    0.476    0.469    0.318   -0.824   -0.099    0.946    0.309    3.448   34.795    3.428     73
   0.143   -0.622    0.769    0.622   -0.548   -0.559    0.769    0.559    0.309    2.046   97.184   11.840     74
   0.316   -0.943   -0.104    0.938    0.295    0.180   -0.139   -0.155    0.978   -7.768   58.629   58.106     75
   0.003    0.612   -0.791    0.815   -0.460   -0.352   -0.579   -0.644   -0.500  -31.602   57.928   42.684     76
  -0.750    0.633    0.192   -0.547   -0.430   -0.718   -0.372   -0.644    0.669   39.199   22.878   27.963     77
   0.095    0.407    0.909   -0.043    0.914   -0.405   -0.995    0.000    0.105   35.694   78.257   25.860     78
  -0.085    0.805    0.588    0.995    0.105    0.000   -0.061    0.585   -0.809   13.262   81.061   47.591     79
  -0.992   -0.025    0.126    0.025    0.922    0.387   -0.126    0.387   -0.914  -18.984   43.207   46.189     80
  -0.207   -0.636   -0.743   -0.951    0.309   -0.000    0.230    0.707   -0.669   37.797   78.958   30.767     81
  -0.871    0.393   -0.294   -0.121    0.409    0.905    0.476    0.824   -0.309   18.169   35.496   -6.386     82
  -0.302    0.930    0.208   -0.951   -0.309    0.000    0.064   -0.198    0.978   16.767   78.257   46.890     83
  -0.857   -0.441    0.268    0.441   -0.357    0.824   -0.268    0.824    0.500   -0.057  100.689   21.654     84
   0.720   -0.586    0.372    0.655    0.397   -0.644    0.230    0.707    0.669   47.611   47.413    4.830     85
  -0.207    0.743    0.636   -0.230   -0.669    0.707    0.951   -0.000    0.309    8.355   27.785    7.634     86
  -0.728    0.612   -0.307    0.163   -0.281   -0.946   -0.665   -0.739    0.105   -8.469   95.782   18.850     87
   0.551    0.812   -0.192   -0.485    0.499    0.718    0.679   -0.302    0.669  -22.489   46.712   54.601     88
  -0.827    0.299    0.476   -0.299    0.482   -0.824   -0.476   -0.824   -0.309   34.993   40.403   -3.582     89
   0.994    0.037   -0.102   -0.089    0.811   -0.579    0.061    0.585    0.809   14.664   84.566   44.787     90
   0.746   -0.505   -0.433   -0.609   -0.257   -0.750    0.268    0.824   -0.500   11.159   91.576   32.169     91
   0.223    0.712    0.665    0.063    0.671   -0.739   -0.973    0.207    0.105    4.850   35.496   48.993     92
   0.366    0.650    0.665    0.201    0.643   -0.739   -0.909    0.405    0.105    3.448   34.094   47.591     93
   0.676   -0.487   -0.552   -0.675   -0.709   -0.201   -0.294    0.509   -0.809   44.106   66.340   37.777     94
   0.783    0.614   -0.102   -0.549    0.603   -0.579   -0.294    0.509    0.809   36.395   23.579   31.468     95
   0.207   -0.636   -0.743   -0.951   -0.309   -0.000   -0.230    0.707   -0.669   24.478   61.433  -10.592     96
  -0.238   -0.897    0.372   -0.763   -0.064   -0.644    0.601   -0.437   -0.669   17.468   31.991   -3.582     97
  -0.361    0.067    0.930    0.339   -0.920    0.198    0.869    0.387    0.309   15.365   82.463   -0.077     98
   0.113    0.763   -0.636   -0.482   -0.518   -0.707   -0.869    0.387    0.309   13.262   71.247   -8.489     99
  -0.819    0.231   -0.525    0.526    0.668   -0.525    0.230   -0.707   -0.669    9.056   70.546   56.003    100
   0.029    0.879    0.476   -0.366   -0.433    0.824    0.930   -0.198    0.309    2.747   91.576    4.129    101
   0.931   -0.242    0.272    0.156    0.940    0.302   -0.329   -0.239    0.914    2.046   97.184   16.046    102
  -0.809    0.000   -0.588   -0.000   -1.000   -0.000   -0.588    0.000    0.809   -0.057   52.320   58.807    103
  -0.840    0.218   -0.497    0.448   -0.241   -0.861   -0.307   -0.946    0.105   -1.459   97.184   30.066    104
  -0.166   -0.694    0.701   -0.798   -0.323   -0.509    0.579   -0.644   -0.500   -2.160   25.682   30.066    105
   0.684   -0.203   -0.701    0.679    0.530    0.509    0.268   -0.824    0.500   -9.871   36.898   45.488    106
   0.810   -0.577   -0.104   -0.586   -0.790   -0.180    0.022    0.207   -0.978  -11.974   43.207    2.727    107
  -0.720    0.586    0.372    0.655    0.397    0.644    0.230    0.707   -0.669   42.003   43.908   51.096    108
   0.256   -0.928    0.272    0.892    0.335    0.302   -0.372    0.165    0.914   42.003   34.094   36.375    109
   0.011    0.639   -0.769    0.495    0.665    0.559    0.869   -0.387   -0.309   31.488   36.898   50.395    110
   0.904   -0.312   -0.294   -0.424   -0.749   -0.509   -0.061    0.585   -0.809    3.448   23.579   18.149    111
   0.791    0.575   -0.208   -0.588    0.809   -0.000    0.168    0.122    0.978   -2.861   99.287   14.644    112
  -0.211    0.448   -0.869    0.854   -0.348   -0.387   -0.476   -0.824   -0.309  -18.984   40.403   41.282    113
   0.493    0.560   -0.665    0.330    0.587    0.739    0.805   -0.585    0.105  -33.705   59.330   24.458    114
  -0.357    0.497    0.791   -0.930   -0.107   -0.352   -0.091   -0.861    0.500   42.704   29.187   34.272    115
   0.147   -0.917   -0.372    0.671    0.369   -0.644    0.727   -0.155    0.669   28.684   47.413   -4.984    116
   0.331   -0.935    0.126    0.885    0.261   -0.387    0.329    0.239    0.914   11.159   92.277   41.282    117
  -0.978    0.037   -0.203    0.037   -0.935   -0.352   -0.203   -0.352    0.914   -9.170   44.609   52.498    118
   0.457    0.203    0.866   -0.407    0.914    0.000   -0.791   -0.352    0.500  -11.273   42.506   51.096    119
   0.759   -0.096    0.644   -0.420   -0.828    0.372    0.497   -0.552   -0.669  -35.808   78.257   44.086    120
  -0.129   -0.193   -0.973    0.858    0.470   -0.207    0.497   -0.861    0.105   23.076   29.187   48.993    121
  -0.780    0.504   -0.372   -0.175   -0.745   -0.644   -0.601   -0.437    0.669   22.375   88.071   36.375    122
  -0.000   -1.000   -0.000    0.669   -0.000    0.743   -0.743    0.000    0.669   11.159   92.978   41.983    123
  -0.927   -0.051    0.372    0.296   -0.706    0.644    0.230    0.707    0.669    9.056   87.370   38.478    124
  -0.405   -0.588   -0.701    0.294   -0.809    0.509   -0.866    0.000    0.500    0.644   22.878   32.870    125
   0.009    0.418    0.909    0.232   -0.885    0.405    0.973    0.207   -0.105   -8.469   52.320   59.508    126
  -0.375   -0.323    0.869    0.922   -0.030    0.387   -0.099    0.946    0.309   34.292   59.330   -4.984    127
  -0.627    0.670   -0.398    0.752    0.654   -0.085    0.203   -0.352   -0.914   33.591   33.393   48.292    128
   0.608   -0.543    0.579    0.067    0.762    0.644   -0.791   -0.352    0.500   13.963   37.599   55.302    129
   0.704    0.549   -0.450   -0.707    0.597   -0.378    0.061    0.585    0.809   11.159   36.898   54.601    130
   0.231    0.015    0.973   -0.836   -0.508    0.207    0.497   -0.861   -0.105   -2.861   97.885   21.654    131
   0.625    0.307    0.718    0.602   -0.775   -0.192    0.497    0.552   -0.669  -29.499   83.865    9.036    132
   0.676   -0.487   -0.552   -0.675   -0.709   -0.201   -0.294    0.509   -0.809   44.106   67.041   37.777    133
  -0.252    0.266   -0.930   -0.266   -0.943   -0.198   -0.930    0.198    0.309   42.704   34.094   46.890    134
  -0.435   -0.305    0.847    0.305   -0.935   -0.180    0.847    0.180    0.500   27.282   24.280   40.581    135
  -0.085    0.805   -0.588   -0.995   -0.105   -0.000   -0.061    0.585    0.809   13.963   75.453   55.302    136
   0.047    0.927   -0.372   -0.733   -0.221   -0.644   -0.679    0.302    0.669   10.458   29.888   -2.881    137
  -0.975    0.181    0.126    0.217    0.896    0.387   -0.043    0.405   -0.914  -21.087   44.609   46.890    138
   0.627    0.670   -0.398    0.752   -0.654    0.085   -0.203   -0.352   -0.914  -35.107   68.443   41.983    139
   0.207    0.636   -0.743    0.951   -0.309   -0.000   -0.230   -0.707   -0.669   36.395   76.154   32.870    140
  -0.743    0.669    0.000   -0.448   -0.497   -0.743   -0.497   -0.552    0.669   16.066   48.114   -7.087    141
  -0.425    0.320   -0.847    0.795    0.579   -0.180    0.433   -0.750   -0.500    4.850   96.483   21.654    142
   0.560   -0.617   -0.552   -0.808   -0.554   -0.201   -0.182    0.559   -0.809    1.345   52.320   60.910    143
   0.435    0.305   -0.847    0.305   -0.935   -0.180   -0.847   -0.180   -0.500   -4.263   99.988   13.943    144
  -0.627   -0.752   -0.203   -0.670    0.654   -0.352    0.398   -0.085   -0.914  -10.572   29.187   44.086    145
   0.361   -0.339    0.869   -0.067    0.920    0.387   -0.930   -0.198    0.309   44.106   27.785   34.973    146
  -0.457   -0.203    0.866    0.407   -0.914    0.000    0.791    0.352    0.500   29.385   26.383   42.684    147
  -0.407   -0.914   -0.000    0.611   -0.272    0.743   -0.679    0.302    0.669   25.179   23.579   48.292    148
  -0.990    0.093    0.104    0.093   -0.114    0.989    0.104    0.989    0.105   15.365   78.257   50.395    149
  -0.638    0.763    0.102   -0.662   -0.476   -0.579   -0.393   -0.437    0.809  -37.210   45.310   31.468    150
   0.253   -0.333   -0.909   -0.333    0.852   -0.405    0.909    0.405    0.105   18.169   32.692    0.624    151
   0.588    0.809    0.000    0.541   -0.393   -0.743   -0.601    0.437   -0.669   13.963   78.958   46.890    152
   0.604   -0.480    0.636    0.208   -0.676   -0.707    0.769    0.559   -0.309    8.355   71.247   -8.489    153
  -0.547    0.430    0.718   -0.750   -0.633   -0.192    0.372   -0.644    0.669    7.654   81.061   51.096    154
   0.610    0.593    0.525   -0.316    0.790   -0.525   -0.727    0.155    0.669    2.747   37.599   51.797    155
   0.975    0.217   -0.043   -0.181    0.896    0.405    0.126   -0.387    0.914   -0.057   97.885   25.860    156
   0.809    0.588   -0.000    0.588   -0.809   -0.000   -0.000   -0.000   -1.000   -2.861   47.413   56.704    157
   0.229   -0.924   -0.307   -0.033   -0.323    0.946   -0.973   -0.207   -0.105  -14.077   92.277   12.541    158
   0.140    0.969   -0.203   -0.934    0.061   -0.352   -0.329    0.239    0.914  -17.582   91.576    9.737    159
   0.871    0.393    0.294   -0.121   -0.409    0.905    0.476   -0.824   -0.309  -22.489   41.104   38.478    160
   0.827   -0.299   -0.476    0.299   -0.482    0.824   -0.476   -0.824   -0.309  -23.190   34.094   44.787    161
  -0.457    0.203   -0.866   -0.407   -0.914   -0.000   -0.791    0.352    0.500  -29.499   43.908   20.252    162
  -0.173   -0.796    0.579    0.503   -0.577   -0.644    0.847    0.180    0.500   37.096   79.659   36.375    163
  -0.316   -0.273   -0.909   -0.503   -0.764    0.405   -0.805    0.585    0.105   36.395   27.785   44.086    164
   0.608   -0.067   -0.791    0.543    0.762    0.352    0.579   -0.644    0.500   32.890   78.257   17.448    165
   0.791    0.575    0.208    0.588   -0.809    0.000    0.168    0.122   -0.978   32.189   18.672   30.767    166
  -0.986   -0.136    0.099   -0.136    0.295   -0.946    0.099   -0.946   -0.309   28.684   76.855   -1.479    167
   0.798   -0.294    0.525   -0.033    0.850    0.525   -0.601   -0.437    0.669   23.076   79.659   42.684    168
   0.704   -0.410   -0.579    0.704    0.300    0.644   -0.091   -0.861    0.500   14.664   94.380   31.468    169
   0.485    0.499    0.718    0.551   -0.812    0.192    0.679    0.302   -0.669    6.252   64.237   59.508    170
   0.032    0.099   -0.995   -0.951    0.309   -0.000    0.307    0.946    0.105  -25.293   39.702   31.468    171
   0.720    0.454    0.525   -0.145    0.838   -0.525   -0.679    0.302    0.669  -32.303   50.918   36.375    172
  -0.331   -0.158   -0.930   -0.815    0.545    0.198    0.476    0.824   -0.309   38.498   83.164   30.066    173
   0.990    0.093   -0.104    0.093    0.114    0.989    0.104   -0.989    0.105   27.983   28.486   47.591    174
  -0.722   -0.627   -0.294    0.437   -0.742    0.509   -0.537    0.239    0.809   26.581   21.476   42.684    175
  -0.395   -0.913   -0.104   -0.137   -0.053    0.989   -0.909    0.405   -0.105    4.850   60.732   63.714    176
  -0.317    0.947   -0.043   -0.873   -0.274    0.405    0.372    0.165    0.914    3.448   48.114   58.807    177
   0.473    0.707    0.525   -0.473    0.707   -0.525   -0.743    0.000    0.669   -0.057   43.908   53.199    178
   0.949    0.240   -0.203   -0.158    0.923    0.352    0.272   -0.302    0.914   -0.758   98.586   28.664    179
   0.300   -0.908   -0.294   -0.394    0.163   -0.905    0.869    0.387   -0.309   -5.665   97.885   23.757    180
   0.370    0.909   -0.192   -0.578    0.388    0.718    0.727   -0.155    0.669   -7.067   98.586   14.644    181
   0.627   -0.670   -0.398   -0.752   -0.654   -0.085   -0.203    0.352   -0.914  -13.376   99.287   28.664    182
   0.003    0.815    0.579   -0.612    0.460   -0.644   -0.791   -0.352    0.500  -16.180   35.496   12.541    183
   0.099    0.689    0.718    0.923   -0.333    0.192    0.372    0.644   -0.669   53.219   40.403   32.169    184
  -0.634    0.610   -0.476   -0.077    0.562    0.824    0.769    0.559   -0.309   34.993   78.958    9.737    185
  -0.238   -0.707    0.665   -0.343   -0.580   -0.739    0.909   -0.405   -0.105   15.365   86.669   44.086    186
   0.102    0.208   -0.973   -0.022    0.978    0.207    0.995   -0.000    0.105    6.953   29.187    8.335    187
   0.522   -0.102   -0.847   -0.102    0.978   -0.180    0.847    0.180    0.500    6.252   96.483   32.169    188
  -0.122    0.627    0.769   -0.346   -0.754    0.559    0.930   -0.198    0.309    4.850   30.589    6.933    189
  -0.258   -0.465    0.847    0.962   -0.206    0.180    0.091    0.861    0.500    3.448  100.689   33.571    190
  -0.205   -0.557    0.805    0.108    0.804    0.585   -0.973    0.207   -0.105    0.644   97.885   25.860    191
  -0.052   -0.091   -0.995   -0.866    0.500   -0.000    0.497    0.861   -0.105   -1.459   55.825   59.508    192
   0.593    0.023   -0.805   -0.798    0.146   -0.585    0.104    0.989    0.105   -5.665   48.815   58.106    193
   0.949   -0.158    0.272    0.240    0.923   -0.302   -0.203    0.352    0.914  -11.273   37.599   45.488    194
  -0.192    0.457   -0.869    0.313    0.867    0.387    0.930   -0.198   -0.309   32.189   81.762   21.654    195
  -0.655   -0.397   -0.644    0.720   -0.586   -0.372   -0.230   -0.707    0.669   31.488   63.536   58.106    196
   0.104   -0.950    0.294    0.352   -0.241   -0.905    0.930    0.198    0.309   26.581   30.589   48.993    197
  -0.414   -0.426    0.805    0.426    0.691    0.585   -0.805    0.585   -0.105   25.880   64.237  -11.293    198
   0.994    0.037   -0.102   -0.089    0.811   -0.579    0.061    0.585    0.809   14.664   85.968   43.385    199
  -0.679   -0.311    0.665   -0.541   -0.402   -0.739    0.497   -0.861    0.105    6.953   83.865   48.993    200
  -0.533    0.262   -0.805    0.788   -0.192   -0.585   -0.307   -0.946   -0.105    4.149   92.978   39.880    201
  -0.175    0.980   -0.099    0.322   -0.038   -0.946   -0.930   -0.198   -0.309   -5.665   95.782   21.654    202
   0.949    0.067    0.307    0.297    0.131   -0.946   -0.104    0.989    0.105   -7.768   92.978   10.438    203
   0.704    0.410    0.579   -0.704    0.300    0.644    0.091   -0.861    0.500  -10.572   56.526   -8.489    204
   0.416   -0.856    0.307    0.035   -0.323   -0.946    0.909    0.405   -0.105  -13.376   94.380   13.242    205
  -0.335    0.743    0.579   -0.372   -0.669    0.644    0.866   -0.000    0.500  -15.479   48.114    3.428    206
   0.052   -0.091   -0.995   -0.866   -0.500   -0.000   -0.497    0.861   -0.105  -16.180   59.330   63.714    207
  -0.965    0.231    0.126   -0.167   -0.907    0.387    0.203    0.352    0.914  -35.107   59.330   16.046    208
  -0.693   -0.714   -0.102    0.542   -0.609    0.579   -0.476    0.345    0.809  -35.808   64.938   16.747    209
   0.009    0.418   -0.909   -0.232    0.885    0.405    0.973    0.207    0.105   46.209   69.144   18.850    210
   0.760   -0.342   -0.552    0.277    0.940   -0.201    0.588   -0.000    0.809   44.807   48.815    9.036    211
   0.416    0.856   -0.307    0.035    0.323    0.946    0.909   -0.405    0.105   38.498   40.403   49.694    212
   0.052   -0.091    0.995   -0.866   -0.500    0.000    0.497   -0.861   -0.105   32.890   71.948   48.292    213
   0.576   -0.763    0.294    0.581    0.635    0.509   -0.575   -0.122    0.809   28.684   50.217   -5.685    214
   0.978   -0.037   -0.203    0.037   -0.935    0.352   -0.203   -0.352   -0.914   16.767   42.506   57.405    215
   0.857   -0.441   -0.268   -0.441   -0.357   -0.824    0.268    0.824   -0.500   14.664   84.566   39.179    216
  -0.658   -0.655   -0.372    0.326   -0.692    0.644   -0.679    0.302    0.669   13.963   67.742   57.405    217
  -0.047    0.962    0.268   -0.529    0.203   -0.824   -0.847   -0.180    0.500   13.262   68.443   -9.891    218
  -0.857    0.441   -0.268    0.441    0.357   -0.824   -0.268   -0.824   -0.500    9.757   93.679   27.262    219
   0.599   -0.445   -0.665    0.445   -0.505    0.739   -0.665   -0.739   -0.105    5.551  101.390   24.458    220
  -0.048    0.770    0.636   -0.364   -0.607    0.707    0.930   -0.198    0.309    5.551   90.875    4.129    221
   0.032    0.099   -0.995   -0.951    0.309   -0.000    0.307    0.946    0.105    5.551   59.330   60.209    222
   0.707    0.093    0.701   -0.405   -0.760    0.509    0.579   -0.644   -0.500    0.644   56.526   62.312    223
   0.282    0.126    0.951   -0.407    0.914    0.000   -0.869   -0.387    0.309   -3.562   30.589   13.943    224
   0.949   -0.158    0.272    0.240    0.923   -0.302   -0.203    0.352    0.914   -7.768   35.496   44.787    225
   0.457    0.203   -0.866    0.407   -0.914   -0.000   -0.791   -0.352   -0.500  -14.077   76.154   -4.283    226
   0.887   -0.452   -0.091   -0.158   -0.483    0.861   -0.433   -0.750   -0.500  -16.881   91.576   14.644    227
  -0.395    0.913   -0.104    0.137   -0.053   -0.989   -0.909   -0.405   -0.105  -16.881   48.114   49.694    228
   0.416   -0.035    0.909    0.856   -0.323   -0.405    0.307    0.946   -0.105   44.807   33.393   39.179    229
  -0.951    0.309    0.000   -0.207   -0.636   -0.743   -0.230   -0.707    0.669   39.199   26.383   33.571    230
   0.273   -0.456   -0.847    0.659    0.730   -0.180    0.701   -0.509    0.500   36.395   36.197   53.900    231
   0.783    0.614   -0.102   -0.549    0.603   -0.579   -0.294    0.509    0.809   36.395   23.579   30.767    232
   0.728   -0.612   -0.307    0.163   -0.281    0.946   -0.665   -0.739   -0.105   33.591   27.084   39.880    233
  -0.400    0.770    0.497   -0.121    0.494   -0.861   -0.909   -0.405   -0.105   32.189   27.785   39.179    234
  -0.750    0.633    0.192    0.547    0.430    0.718    0.372    0.644   -0.669   29.385   51.619   -3.582    235
   0.611   -0.272   -0.743    0.407    0.914   -0.000    0.679   -0.302    0.669   23.076   64.938   -5.685    236
  -0.528   -0.309   -0.791   -0.806    0.476    0.352    0.268    0.824   -0.500   18.169   65.639   -7.087    237
   0.679   -0.311   -0.665    0.541   -0.402    0.739   -0.497   -0.861   -0.105   13.963   91.576   40.581    238
   0.058    0.943   -0.329    0.961   -0.142   -0.239   -0.272   -0.302   -0.914   12.561   86.669   39.179    239
  -0.684   -0.679    0.268   -0.203    0.530    0.824   -0.701    0.509   -0.500   12.561   44.609   -9.891    240
  -0.452   -0.412    0.791   -0.887    0.298   -0.352   -0.091   -0.861   -0.500    8.355   75.453   53.199    241
   0.555   -0.622    0.552   -0.635   -0.746   -0.201    0.537   -0.239   -0.809    2.747   97.184   20.953    242
  -0.578   -0.388   -0.718    0.370   -0.909    0.192   -0.727   -0.155    0.669    1.345  101.390   27.262    243
   0.435    0.305   -0.847    0.305   -0.935   -0.180   -0.847   -0.180   -0.500   -4.964   99.988   13.943    244
  -0.909    0.415   -0.043    0.364    0.839    0.405    0.203    0.352   -0.914   -9.871   29.187   18.149    245
   0.238   -0.707   -0.665    0.343   -0.580    0.739   -0.909   -0.405    0.105  -14.778   34.094   51.797    246
  -0.609   -0.432    0.665    0.618    0.267    0.739   -0.497    0.861    0.105  -33.004   68.443   11.139    247
   0.831    0.389   -0.398    0.389   -0.917   -0.085   -0.398   -0.085   -0.914   46.910   61.433   34.973    248
   0.849   -0.056   -0.525   -0.376   -0.763   -0.525   -0.372    0.644   -0.669   46.209   59.330   35.674    249
   0.122   -0.627    0.769    0.346    0.754    0.559   -0.930    0.198    0.309   37.096   74.752   20.953    250
  -0.542   -0.464    0.701    0.835   -0.208    0.509   -0.091    0.861    0.500   36.395   31.290   48.292    251
  -0.317   -0.947   -0.043   -0.873    0.274    0.405   -0.372    0.165   -0.914   33.591   71.948   11.139    252
   0.339   -0.141    0.930   -0.141    0.970    0.198   -0.930   -0.198    0.309   29.385   19.373   35.674    253
   0.739    0.329    0.588    0.407   -0.914    0.000    0.537    0.239   -0.809   25.179   17.971   30.767    254
   0.943   -0.273    0.192   -0.325   -0.616    0.718   -0.078   -0.739   -0.669   14.664   39.001   -5.685    255
  -0.761    0.128   -0.636    0.641    0.298   -0.707    0.099   -0.946   -0.309   12.561   85.267   41.282    256
  -0.547   -0.430    0.718    0.750   -0.633    0.192    0.372    0.644    0.669    8.355   23.579   39.179    257
  -0.476   -0.765    0.433    0.661    0.013    0.750   -0.579    0.644    0.500    6.252   96.483   22.355    258
   0.256   -0.928    0.272    0.892    0.335    0.302   -0.372    0.165    0.914    4.149   79.659   -7.788    259
   0.875   -0.385   -0.294   -0.385   -0.184   -0.905    0.294    0.905   -0.309    2.747   95.081   39.179    260
   0.723   -0.252    0.644   -0.583   -0.723    0.372    0.372   -0.644   -0.669  -10.572   68.443  -11.293    261
   0.367    0.009   -0.930   -0.523    0.829   -0.198    0.769    0.559    0.309  -13.376   62.835   -4.283    262
   0.425   -0.795    0.433    0.320    0.579    0.750   -0.847   -0.180    0.500  -14.077   43.207    9.036    263
  -0.250   -0.866    0.433   -0.433    0.500    0.750   -0.866    0.000   -0.500  -30.901   54.423   45.488    264
   0.474    0.830   -0.294   -0.143    0.402    0.905    0.869   -0.387    0.309   39.900   36.197   48.292    265
   0.783    0.614   -0.102   -0.549    0.603   -0.579   -0.294    0.509    0.809   35.694   22.878   31.468    266
  -0.047   -0.962    0.268   -0.529   -0.203   -0.824    0.847   -0.180   -0.500   19.571   18.672   27.262    267
   0.143   -0.182   -0.973   -0.182    0.961   -0.207    0.973    0.207    0.105   18.169   29.888    2.026    268
  -0.316    0.273   -0.909   -0.503    0.764    0.405    0.805    0.585   -0.105   17.468   83.865   43.385    269
  -0.370    0.909    0.192   -0.578   -0.388    0.718    0.727    0.155    0.669   16.767   79.659   44.787    270
   0.300    0.394    0.869   -0.908   -0.163    0.387    0.294   -0.905    0.309   14.664   90.875   30.767    271
  -0.205   -0.108   -0.973    0.557    0.804   -0.207    0.805   -0.585   -0.105    6.953   95.782   28.664    272
   0.414   -0.904    0.104    0.052    0.138    0.989   -0.909   -0.405    0.105    6.252   97.184   26.561    273
   0.173   -0.796   -0.579   -0.503   -0.577    0.644   -0.847    0.180   -0.500    4.850   96.483   23.757    274
   0.817    0.562    0.126   -0.562    0.731    0.387    0.126   -0.387    0.914   -1.459   99.287   30.767    275
   0.309   -0.951    0.000    0.951    0.309    0.000   -0.000    0.000    1.000   -5.665   57.227   58.106    276
  -0.452   -0.412    0.791    0.887   -0.298    0.352    0.091    0.861    0.500  -14.778   48.114    2.727    277
   0.646    0.259    0.718    0.173   -0.966    0.192    0.743   -0.000   -0.669  -17.582   85.968    6.232    278
  -0.338    0.901    0.272   -0.919   -0.253   -0.302   -0.203   -0.352    0.914  -30.901   73.350    8.335    279
  -0.238   -0.343    0.909   -0.707   -0.580   -0.405    0.665   -0.739   -0.105  -34.406   77.556   40.581    280
   0.780    0.504   -0.372   -0.175    0.745    0.644    0.601   -0.437    0.669  -35.808   61.433   28.664    281
   0.760   -0.342    0.552   -0.277   -0.940   -0.201    0.588   -0.000   -0.809   47.611   52.320    6.933    282
  -0.679    0.541    0.497   -0.311    0.402   -0.861   -0.665   -0.739   -0.105   46.910   70.546   25.860    283
  -0.247   -0.858   -0.450   -0.923    0.067    0.378   -0.294    0.509   -0.809   40.601   52.320   50.395    284
  -0.645    0.754    0.126   -0.668   -0.636    0.387    0.372    0.165    0.914   39.900   42.506   49.694    285
  -0.489   -0.866   -0.104   -0.847    0.500   -0.180    0.208   -0.000   -0.978   39.199   50.918    4.830    286
   0.463   -0.610   -0.644   -0.507   -0.778    0.372   -0.727    0.155   -0.669   37.096   36.197   44.086    287
   0.816    0.170    0.552   -0.328    0.923    0.201   -0.476   -0.345    0.809   36.395   24.280   42.684    288
   0.593    0.798   -0.104    0.023   -0.146   -0.989   -0.805    0.585   -0.105   32.189   27.785   44.787    289
  -0.602   -0.775   -0.192   -0.625    0.307    0.718   -0.497    0.552   -0.669   30.787   20.775   26.561    290
   0.173    0.796   -0.579   -0.503    0.577    0.644    0.847    0.180    0.500   30.086   81.061   34.973    291
  -0.046    0.695   -0.718    0.972   -0.134   -0.192   -0.230   -0.707   -0.669   30.086   45.310   56.704    292
  -0.763   -0.336   -0.552   -0.513    0.834    0.201    0.393    0.437   -0.809   23.777   59.330   -4.283    293
   0.949    0.067   -0.307   -0.297   -0.131   -0.946   -0.104    0.989   -0.105   23.777   20.074   16.747    294
  -0.814   -0.580   -0.043   -0.545    0.735    0.405   -0.203    0.352   -0.914   18.169   46.712   58.807    295
  -0.957   -0.203    0.208    0.208   -0.978    0.000    0.203    0.043    0.978   13.963   41.104   58.807    296
   0.638   -0.763    0.102    0.662    0.476   -0.579    0.393    0.437    0.809    9.056   44.609   -7.087    297
  -0.009   -0.418    0.909   -0.232    0.885    0.405   -0.973   -0.207   -0.105    7.654   78.257   54.601    298
  -0.857   -0.441   -0.268   -0.441    0.357    0.824   -0.268    0.824   -0.500    4.149   28.486   37.076    299
  -0.909   -0.415   -0.043    0.364   -0.839    0.405   -0.203    0.352    0.914    0.644  100.689   30.767    300
   0.205    0.557    0.805    0.108    0.804   -0.585   -0.973    0.207    0.105   -0.057   36.898   -4.283    301
   0.166    0.798    0.579   -0.694   -0.323    0.644    0.701   -0.509    0.500   -2.861   95.782   19.551    302
  -0.849    0.056    0.525    0.376    0.763    0.525   -0.372    0.644   -0.669   -4.964   99.988   29.365    303
  -0.140    0.985   -0.102   -0.797   -0.174   -0.579   -0.588    0.000    0.809   -6.366   67.742   -9.190    304
   0.608   -0.543   -0.579   -0.067   -0.762    0.644   -0.791   -0.352   -0.500  -11.273   44.609   -0.077    305
   0.912    0.396   -0.104   -0.409    0.895   -0.180    0.022    0.207    0.978  -12.675   99.988   22.355    306
   0.746    0.505    0.433    0.609   -0.257   -0.750   -0.268    0.824   -0.500  -17.582   51.619   61.611    307
  -0.192    0.457   -0.869   -0.313   -0.867   -0.387   -0.930    0.198    0.309   44.106   36.197   46.890    308
  -0.771    0.565   -0.294   -0.033    0.425    0.905    0.636    0.707   -0.309   42.704   73.350   22.355    309
   0.122   -0.346    0.930   -0.627   -0.754   -0.198    0.769   -0.559   -0.309   42.704   57.928    8.335    310
   0.129    0.858    0.497   -0.193   -0.470    0.861    0.973   -0.207    0.105   37.797   74.051   27.262    311
  -0.962   -0.054   -0.268    0.258   -0.505   -0.824   -0.091   -0.861    0.500   36.395   77.556   24.458    312
   0.603   -0.548    0.579   -0.751   -0.147    0.644   -0.268   -0.824   -0.500   35.694   41.805   56.003    313
   0.774    0.255   -0.579    0.627   -0.439    0.644   -0.091   -0.861   -0.500   26.581   53.722   -7.087    314
  -0.798   -0.294   -0.525   -0.033   -0.850    0.525   -0.601    0.437    0.669   25.179   17.270   29.365    315
  -0.489   -0.866   -0.104    0.847   -0.500    0.180   -0.208    0.000    0.978   22.375   13.064   22.355    316
  -0.302    0.930    0.208   -0.951   -0.309    0.000    0.064   -0.198    0.978   21.674   57.928   63.013    317
   0.435   -0.305   -0.847   -0.305   -0.935    0.180   -0.847    0.180   -0.500   20.973   61.433  -11.994    318
  -0.835    0.372    0.407   -0.407   -0.914    0.000    0.372   -0.165    0.914   18.870   86.669   30.767    319
  -0.875    0.385    0.294   -0.385   -0.184   -0.905   -0.294   -0.905    0.309   16.066   89.473   38.478    320
   0.901    0.030   -0.433   -0.342   -0.566   -0.750   -0.268    0.824   -0.500   13.262   92.277   27.963    321
  -0.934    0.203    0.294    0.203   -0.375    0.905    0.294    0.905    0.309    6.252   92.978   31.468    322
  -0.437    0.629    0.644    0.896    0.242    0.372    0.078    0.739   -0.669    2.747   98.586   32.169    323
  -0.609    0.618   -0.497    0.432   -0.267   -0.861   -0.665   -0.739   -0.105    1.345   54.423   61.611    324
  -0.231   -0.836    0.497    0.015    0.508    0.861   -0.973    0.207   -0.105   -1.459   97.885   27.963    325
   0.300   -0.908   -0.294   -0.394    0.163   -0.905    0.869    0.387   -0.309   -4.964   97.885   23.056    326
  -0.752   -0.600    0.272   -0.525    0.796    0.302   -0.398    0.085   -0.914  -18.283   89.473    8.335    327
  -0.609    0.432    0.665    0.618   -0.267    0.739    0.497    0.861   -0.105  -25.994   77.556   -0.077    328
  -0.943    0.041   -0.329    0.041   -0.970   -0.239   -0.329   -0.239    0.914  -33.705   72.649   51.797    329
   0.662    0.674   -0.329   -0.748    0.619   -0.239    0.043    0.405    0.914  -35.107   67.742   40.581    330
   0.095   -0.407    0.909   -0.043   -0.914   -0.405    0.995   -0.000   -0.105   46.910   40.403   39.179    331
   0.405    0.866   -0.294   -0.701    0.500    0.509    0.588   -0.000    0.809   45.508   44.609   46.890    332
   0.207   -0.743   -0.636    0.230    0.669   -0.707    0.951   -0.000    0.309   35.694   23.579   41.282    333
  -0.156    0.984   -0.091    0.508    0.001   -0.861   -0.847   -0.180   -0.500   30.086   79.659   11.139    334
  -0.246   -0.932   -0.268   -0.560   -0.089    0.824   -0.791    0.352   -0.500   27.282   26.383   39.179    335
  -0.743    0.669    0.000   -0.448   -0.497   -0.743   -0.497   -0.552    0.669   16.767   48.114   -7.087    336
  -0.746   -0.609    0.268   -0.505    0.257   -0.824    0.433   -0.750   -0.500   16.066   76.154   49.694    337
   0.602    0.775    0.192    0.625   -0.307   -0.718   -0.497    0.552   -0.669   12.561   90.174   34.272    338
  -0.643    0.426    0.636    0.707    0.012    0.707    0.294    0.905   -0.309    9.757   88.772   41.983    339
  -0.856   -0.507    0.104   -0.143    0.038   -0.989    0.497   -0.861   -0.105    8.355   53.722   65.116    340
   0.518   -0.846    0.126   -0.811   -0.439    0.387   -0.272   -0.302   -0.914    7.654   94.380   27.963    341
  -0.300   -0.908   -0.294   -0.394   -0.163    0.905   -0.869    0.387   -0.309    3.448   50.217   64.415    342
   0.104   -0.352   -0.930    0.950   -0.241    0.198   -0.294   -0.905    0.309    3.448   44.609   55.302    343
  -0.809    0.000   -0.588   -0.000   -1.000   -0.000   -0.588    0.000    0.809   -0.758   51.619   58.106    344
   0.384    0.510   -0.769    0.791    0.247    0.559    0.476   -0.824   -0.309   -4.964   97.885   16.747    345
  -0.576    0.763   -0.294    0.581    0.635    0.509    0.575    0.122   -0.809   -6.366   88.071    1.325    346
   0.588    0.809   -0.000   -0.541    0.393    0.743    0.601   -0.437    0.669   -9.871   96.483   11.139    347
